-28
-29
-34
-29
-34
-29
-34
-29
-29
-29
-29
-29
-29
-29
-29
-34
-28
-28
-29
-29
-34
-29
-29
-29
-29
-29
-28
-34
-29
-29
-34
-29
-29
-29
-29
-29
-29
-29
-29
-29
-30
-29
-35
-29
-29
-29
-29
-29
-40
-38
-37
-35
-35
-36
-37
-36
-36
-35
-36
-36
-36
-36
-36
-36
-36
-36
-36
-36
-36
-36
-36
-36
-36
-36
-36
-36
-36
-36
-36
-36
-36
-36
-36
-36
-36
-36
-36
-36
-36
-36
-36
-36
-38
-28
-35
-35
-35
-35
-34
-48
-48
-48
-48
-48
-49
-49
-49
-48
-48
-49
-49
-49
-48
-48
-48
-49
-48
-49
-48
-48
-49
-48
-47
-49
-49
-49
-49
-48
-49
-49
-48
-48
-49
-48
-49
-48
-48
-49
-48
-48
-48
-48
-48
-48
-48
-48
-48
-48
-48
-49
-48
-49
-48
-48
-48
-48
-48
-49
-49
-48
-48
-49
-48
-47