-42
-41
-41
-41
-41
-41
-42
-42
-41
-41
-41
-41
-41
-41
-41
-42
-42
-41
-41
-41
-42
-42
-42
-42
-41
-41
-41
-41
-41
-41
-41
-41
-42
-42
-42
-42
-41
-41
-41
-39
-39
-40
-38
-38
-41
-41
-41
-41
-41
-41
-41
-41
-41
-41
-41
-41
-42
-42
-42
-42
-42
-42
-42
-42
-42
-42
-42
-42
-42
-42
-42
-41
-41
-41
-41
-41
-41
-41
-42
-41
-42
-42
-42
-43
-41
-37
-38
-38
-37
-38
-37
-38
-37
-37
-37
-36
-37
-37
-37
-37
-37
-37
-37
-37
-37
-37
-37
-37
-37
-37
-37
-37
-37
-37
-37
-37
-37
-37
-37
-37
-37
-37
-37
-37
-37
-37
-37
-37
-37
-37
-37
-37
-37
-37
