-32
-34
-33
-33
-33
-33
-33
-33
-33
-33
-33
-33
-33
-33
-33
-34
-33
-33
-33
-33
-33
-33
-34
-33
-33
-33
-33
-33
-33
-33
-33
-33
-34
-34
-34
-33
-34
-34
-34
-33
-33
-33
-33
-33
-33
-33
-33
-33
-33
-33
-33
-33
-42
-41
-40
-41
-40
-40
-40
-40
-40
-40
-40
-41
-41
-41
-41
-41
-42
-41
-41
-41
-41
-41
-41
-41
-41
-41
-41
-41
-42
-42
-41
-42
-41
-41
-42
-42
-42
-42
-43
-41
-42
-42
-42
-42
-42
-42
-42
-42
-42
-42
-42
-42
-40
-37
-41
-40
-40
-38
-41
-40
-40
-38
-38
-39
-40
-40
-40
-40
-40
-39
-40
-40
-40
-40
-39
-40
-40
-40
-39
-40
-39
-39
-40
-40
-40
-40
-40
-41
-41
-40
-40
-39
-40
-39
-40
-40
