-47
-47
-47
-46
-45
-43
-43
-45
-43
-43
-43
-44
-43
-43
-44
-43
-44
-42
-42
-42
-43
-43
-43
-43
-45
-43
-45
-44
-45
-45
-44
-43
-43
-45
-43
-43
-43
-43
-42
-43
-48
-49
-48
-48
-48
-48
-48
-48
-48
-48
-48
-48
-48
-48
-48
-48
-48
-48
-48
-48
-48
-48
-48
-48
-48
-48
-48
-48
-48
-48
-48
-48
-48
-48
-48
-48
-48
-48
-48
-48
-48
-48
-48
-48
-48
-48
-49
-49
-39
-42
-39
-40
-40
-39
-39
-40
-39
-39
-39
-39
-39
-40
-39
-40
-39
-39
-40
-39
-39
-39
-39
-39
-40
-40
-39
-40
-40
-39
-39
-39
-39
-39
-39
-39
-39
-40
-39
-40
-41
