-33
-32
-33
-32
-32
-32
-33
-33
-33
-32
-33
-33
-33
-33
-33
-33
-33
-33
-33
-33
-33
-33
-33
-33
-32
-33
-33
-33
-33
-34
-34
-33
-33
-33
-33
-33
-33
-33
-33
-33
-33
-33
-33
-33
-33
-33
-33
-32
-32
-32
-33
-34
-44
-43
-43
-43
-43
-43
-43
-43
-43
-43
-43
-43
-43
-43
-43
-43
-43
-43
-43
-43
-44
-43
-43
-43
-44
-44
-43
-43
-43
-43
-43
-43
-43
-42
-42
-43
-43
-43
-43
-42
-43
-44
-43
-44
-43
-44
-43
-42
-43
-44
-44
-44
-43
-45
-47
-46
-42
-44
-44
-43
-44
-45
-44
-44
-44
-44
-45
-44
-45
-44
-45
-45
-45
-45
-45
-44
-44
-44
-44
-44
-44
-44
-45
-43
-45
-43
-43
-43
-45
-45
-44
-44
-44
-44
-44
-44
-48
-47
-47
-47
-47
-47
-47
-46
-47
-47
-47
-47
-47
-47
-47
-47
-47
-47
-47
-47
-47
-47
-47
-47
-47
-47
-47
-47
-47
-47
-47
-47
-47
-47
-47
-47
-47
-47
-47
-47
-47
-47
-47
-47
-47
-47
-47
-47
-47
-47
-47
-47
-47
-47
-47
-47
-47
-47
-47
-47
-47
-47
-46