-43
-42
-42
-42
-42
-42
-42
-42
-42
-42
-42
-43
-42
-42
-42
-42
-43
-43
-43
-45
-45
-45
-46
-46
-46
-46
-46
-46
-46
-46
-46
-46
-44
-46
-46
-45
-46
-46
-46
-46
-46
-46
-46
-46
-45
-46
-45
-46
-45
-44
-43
-43
-43
-43
-43
-43
-43
-43
-43
-43
-43
-43
-43
-43
-43
-43
-43
-43
-43
-44
-43
-43
-43
-44
-44
-43
-43
-43
-43
-43
-43
-43
-42
-42
-43
-43
-43
-43
-42
-43
-44
-43
-44
-43
-44
-43
-42
-43
-44
-44
-44
-43
-45
-39
-40
-40
-39
-40
-40
-40
-40
-39
-40
-39
-40
-40
-40
-40
-40
-40
-39
-40
-40
-40
-39
-40
-41
-41
-41
-41
-41
-41
-41
-41
-41
-41
-40
-41
-40
-41
-41
-41
